function dX = ODE_Leucine(t,X)

b1 = 1.02e-6;
c1 = 5.08e-4;
d1 = 0.0079;
K1 = 0.053;
b2 = 3.5e-7;
c2 = 5.18e-5;
d2 = 0.0064;
K2 = 0.035;
c3Eu = 0.32;
c4 = 2.64e3;
d3 = 0.011;
K3 = 2.71;
c5 = 108;
d4 = 0.008;
K4 = 0.22;
d5 = 0.077;
K5 = 0.66;
Fext = 0;

% %Estimate
% b1 = 1.02e-6;
% c1 = 1.7e-4;
% d1 = 0.0058;
% K1 = 0.25;
% b2 = 3.5e-7;
% c2 = 1.1e-4;
% d2 = 0.0058;
% K2 = 0.25;
% c3Eu = 2;
% c4 = 500;
% d3 = 0.058;
% K3 = 0.5;
% c5 = 800;
% d4 = 0.0058;
% K4 = 0.3;
% d5 = 0.3;
% K5 = 0.1;
% Fext = 0;

I1 = X(1,:);
I2 = X(2,:);
E1 = X(3,:);
E2 = X(4,:);
P = X(5,:);

phi_ext = 0.1; % a constant external perturbation to the flux
dX(1,:) = c3Eu.*K5^2./(P.^2+K5^2)-c4.*E1.*I1./(I1+K3)-d3*I1+phi_ext;
dX(2,:) = c4.*E1.*I1./(I1+K3)-c5.*E2.*I2./(I2+K4)-d4*I2;
dX(3,:) = b1+c1.*I1^2./(I1^2+K1^2)-d1*E1-0.0000;
dX(4,:) = b2+c2.*I1^2./(I1^2+K2^2)-d2*E2;
dX(5,:) = c5.*E2.*I2./(I2+K4)+Fext-d5*P;